0.000000000000000000e+00 0.000000000000000000e+00 0.000000000000000000e+00 0.000000000000000000e+00
0.000000000000000000e+00 0.000000000000000000e+00 0.000000000000000000e+00 0.000000000000000000e+00
0.000000000000000000e+00 0.000000000000000000e+00 0.000000000000000000e+00 0.000000000000000000e+00
0.000000000000000000e+00 0.000000000000000000e+00 0.000000000000000000e+00 0.000000000000000000e+00
0.000000000000000000e+00 0.000000000000000000e+00 0.000000000000000000e+00 0.000000000000000000e+00
0.000000000000000000e+00 0.000000000000000000e+00 0.000000000000000000e+00 0.000000000000000000e+00
0.000000000000000000e+00 0.000000000000000000e+00 0.000000000000000000e+00 0.000000000000000000e+00
0.000000000000000000e+00 0.000000000000000000e+00 0.000000000000000000e+00 0.000000000000000000e+00
0.000000000000000000e+00 0.000000000000000000e+00 0.000000000000000000e+00 0.000000000000000000e+00
0.000000000000000000e+00 0.000000000000000000e+00 0.000000000000000000e+00 0.000000000000000000e+00
0.000000000000000000e+00 0.000000000000000000e+00 0.000000000000000000e+00 0.000000000000000000e+00
0.000000000000000000e+00 0.000000000000000000e+00 0.000000000000000000e+00 0.000000000000000000e+00
0.000000000000000000e+00 0.000000000000000000e+00 0.000000000000000000e+00 0.000000000000000000e+00
0.000000000000000000e+00 0.000000000000000000e+00 0.000000000000000000e+00 0.000000000000000000e+00
0.000000000000000000e+00 0.000000000000000000e+00 0.000000000000000000e+00 0.000000000000000000e+00
0.000000000000000000e+00 0.000000000000000000e+00 0.000000000000000000e+00 0.000000000000000000e+00
0.000000000000000000e+00 0.000000000000000000e+00 0.000000000000000000e+00 0.000000000000000000e+00
0.000000000000000000e+00 0.000000000000000000e+00 0.000000000000000000e+00 0.000000000000000000e+00
0.000000000000000000e+00 0.000000000000000000e+00 0.000000000000000000e+00 0.000000000000000000e+00
0.000000000000000000e+00 0.000000000000000000e+00 0.000000000000000000e+00 0.000000000000000000e+00
0.000000000000000000e+00 0.000000000000000000e+00 0.000000000000000000e+00 0.000000000000000000e+00
0.000000000000000000e+00 0.000000000000000000e+00 0.000000000000000000e+00 0.000000000000000000e+00
0.000000000000000000e+00 0.000000000000000000e+00 0.000000000000000000e+00 0.000000000000000000e+00
0.000000000000000000e+00 0.000000000000000000e+00 0.000000000000000000e+00 0.000000000000000000e+00
0.000000000000000000e+00 0.000000000000000000e+00 0.000000000000000000e+00 0.000000000000000000e+00
0.000000000000000000e+00 0.000000000000000000e+00 0.000000000000000000e+00 0.000000000000000000e+00
0.000000000000000000e+00 0.000000000000000000e+00 0.000000000000000000e+00 0.000000000000000000e+00
0.000000000000000000e+00 0.000000000000000000e+00 0.000000000000000000e+00 0.000000000000000000e+00
0.000000000000000000e+00 0.000000000000000000e+00 0.000000000000000000e+00 0.000000000000000000e+00
0.000000000000000000e+00 0.000000000000000000e+00 0.000000000000000000e+00 0.000000000000000000e+00
0.000000000000000000e+00 0.000000000000000000e+00 0.000000000000000000e+00 0.000000000000000000e+00
0.000000000000000000e+00 0.000000000000000000e+00 0.000000000000000000e+00 0.000000000000000000e+00
0.000000000000000000e+00 0.000000000000000000e+00 0.000000000000000000e+00 0.000000000000000000e+00
0.000000000000000000e+00 0.000000000000000000e+00 0.000000000000000000e+00 0.000000000000000000e+00
0.000000000000000000e+00 0.000000000000000000e+00 0.000000000000000000e+00 0.000000000000000000e+00
0.000000000000000000e+00 0.000000000000000000e+00 0.000000000000000000e+00 0.000000000000000000e+00
0.000000000000000000e+00 0.000000000000000000e+00 0.000000000000000000e+00 0.000000000000000000e+00
1.840944092838424417e+00 6.534100000000000463e-01 -2.709999999999999964e+00 0.000000000000000000e+00
0.000000000000000000e+00 0.000000000000000000e+00 0.000000000000000000e+00 0.000000000000000000e+00
3.788749927103343684e-02 -9.559669054220842899e-02 -1.000000000000000056e-01 -4.095100000000000406e-01
0.000000000000000000e+00 0.000000000000000000e+00 0.000000000000000000e+00 0.000000000000000000e+00
1.817476164868049970e+00 9.501616088000000016e-01 -3.366099999999999870e+00 0.000000000000000000e+00
0.000000000000000000e+00 0.000000000000000000e+00 0.000000000000000000e+00 0.000000000000000000e+00
7.999999999999993783e-01 7.814697981114799852e-01 0.000000000000000000e+00 5.121547773039194951e+00
0.000000000000000000e+00 0.000000000000000000e+00 0.000000000000000000e+00 0.000000000000000000e+00
1.984886919460284727e+00 1.595592926022445734e+00 -6.575971928263830257e+00 0.000000000000000000e+00
0.000000000000000000e+00 0.000000000000000000e+00 0.000000000000000000e+00 0.000000000000000000e+00
1.364477375299191664e+00 6.473981865072588882e-01 0.000000000000000000e+00 -9.189702134395654198e-01
0.000000000000000000e+00 0.000000000000000000e+00 0.000000000000000000e+00 0.000000000000000000e+00
2.827105308741003853e+00 1.237510963810000142e+00 -5.225795110000000854e+00 0.000000000000000000e+00
0.000000000000000000e+00 0.000000000000000000e+00 0.000000000000000000e+00 0.000000000000000000e+00
3.240564547673310702e+00 1.530119629863776476e-01 0.000000000000000000e+00 -8.561163610921878053e-01
0.000000000000000000e+00 0.000000000000000000e+00 0.000000000000000000e+00 0.000000000000000000e+00
1.028874141492985839e+00 2.187545930001128180e+00 -8.528101478228739651e+00 0.000000000000000000e+00
0.000000000000000000e+00 0.000000000000000000e+00 0.000000000000000000e+00 0.000000000000000000e+00
2.044965016975318850e+00 7.999999999999993783e-01 0.000000000000000000e+00 3.134793272882834714e+00
0.000000000000000000e+00 0.000000000000000000e+00 0.000000000000000000e+00 0.000000000000000000e+00
3.848356607466424384e-01 2.296890707013251820e+00 -8.590221251098359545e+00 0.000000000000000000e+00
0.000000000000000000e+00 0.000000000000000000e+00 0.000000000000000000e+00 0.000000000000000000e+00
8.006911168966510672e-01 9.481428992241831555e-01 -4.273551999999995743e-02 -4.661648350363768456e-01
0.000000000000000000e+00 0.000000000000000000e+00 0.000000000000000000e+00 0.000000000000000000e+00
1.828864264930686989e+00 1.227940858669281710e+00 -9.139416050453066376e+00 0.000000000000000000e+00
0.000000000000000000e+00 0.000000000000000000e+00 0.000000000000000000e+00 0.000000000000000000e+00
-5.264254076751699075e-03 2.356136455777069205e+00 0.000000000000000000e+00 -3.466280358381339521e-01
0.000000000000000000e+00 0.000000000000000000e+00 0.000000000000000000e+00 0.000000000000000000e+00
1.258383056695949076e+00 2.060264168482710545e+00 -9.610044222536979319e+00 0.000000000000000000e+00
0.000000000000000000e+00 0.000000000000000000e+00 0.000000000000000000e+00 0.000000000000000000e+00
7.999999999999993783e-01 2.323140879198954067e+00 0.000000000000000000e+00 3.159838878555651931e+00
0.000000000000000000e+00 0.000000000000000000e+00 0.000000000000000000e+00 0.000000000000000000e+00
1.581856872953872895e+00 2.049076647321968814e+00 -9.060638380178446027e+00 -9.100000000000000311e-01
0.000000000000000000e+00 0.000000000000000000e+00 0.000000000000000000e+00 0.000000000000000000e+00
1.384642700856479003e+00 5.456455389528438449e-01 0.000000000000000000e+00 -3.565126886764551362e-01
0.000000000000000000e+00 0.000000000000000000e+00 0.000000000000000000e+00 0.000000000000000000e+00
1.715531335156304793e-02 -8.062460124682901963e-02 -3.875590000000000979e-01 -1.000000000000000056e-01
0.000000000000000000e+00 0.000000000000000000e+00 0.000000000000000000e+00 0.000000000000000000e+00
0.000000000000000000e+00 0.000000000000000000e+00 0.000000000000000000e+00 0.000000000000000000e+00
0.000000000000000000e+00 0.000000000000000000e+00 0.000000000000000000e+00 0.000000000000000000e+00
6.502923283151238465e-01 5.110033747953688366e-01 -9.054578423773990137e-01 0.000000000000000000e+00
0.000000000000000000e+00 0.000000000000000000e+00 0.000000000000000000e+00 0.000000000000000000e+00
0.000000000000000000e+00 0.000000000000000000e+00 0.000000000000000000e+00 0.000000000000000000e+00
0.000000000000000000e+00 0.000000000000000000e+00 0.000000000000000000e+00 0.000000000000000000e+00
1.697927037082466839e+00 1.680689563911045070e+00 4.650138480775297012e+00 0.000000000000000000e+00
0.000000000000000000e+00 0.000000000000000000e+00 0.000000000000000000e+00 0.000000000000000000e+00
0.000000000000000000e+00 0.000000000000000000e+00 0.000000000000000000e+00 0.000000000000000000e+00
0.000000000000000000e+00 0.000000000000000000e+00 0.000000000000000000e+00 0.000000000000000000e+00
1.884953516318460531e+00 1.606064139942563751e-01 -1.250184986562080103e-01 0.000000000000000000e+00
0.000000000000000000e+00 0.000000000000000000e+00 0.000000000000000000e+00 0.000000000000000000e+00
0.000000000000000000e+00 0.000000000000000000e+00 0.000000000000000000e+00 0.000000000000000000e+00
0.000000000000000000e+00 0.000000000000000000e+00 0.000000000000000000e+00 0.000000000000000000e+00
4.539136226852293898e-01 5.135866979210061967e-01 -1.682704942330779663e-01 0.000000000000000000e+00
0.000000000000000000e+00 0.000000000000000000e+00 0.000000000000000000e+00 0.000000000000000000e+00
0.000000000000000000e+00 0.000000000000000000e+00 0.000000000000000000e+00 0.000000000000000000e+00
0.000000000000000000e+00 0.000000000000000000e+00 0.000000000000000000e+00 0.000000000000000000e+00
1.693144801914245656e+00 1.699999999999998845e+00 1.622295090524213279e+00 0.000000000000000000e+00
0.000000000000000000e+00 0.000000000000000000e+00 0.000000000000000000e+00 0.000000000000000000e+00
0.000000000000000000e+00 0.000000000000000000e+00 0.000000000000000000e+00 0.000000000000000000e+00
0.000000000000000000e+00 0.000000000000000000e+00 0.000000000000000000e+00 0.000000000000000000e+00
3.118712069143746504e-02 1.940523886986539326e+00 -8.440881765376190282e-01 0.000000000000000000e+00
0.000000000000000000e+00 0.000000000000000000e+00 0.000000000000000000e+00 0.000000000000000000e+00
0.000000000000000000e+00 0.000000000000000000e+00 0.000000000000000000e+00 0.000000000000000000e+00
0.000000000000000000e+00 0.000000000000000000e+00 0.000000000000000000e+00 0.000000000000000000e+00
4.497518195723604895e-01 1.595270174718717016e+00 -7.108353704445720123e-01 0.000000000000000000e+00
0.000000000000000000e+00 0.000000000000000000e+00 0.000000000000000000e+00 0.000000000000000000e+00
0.000000000000000000e+00 0.000000000000000000e+00 0.000000000000000000e+00 0.000000000000000000e+00
0.000000000000000000e+00 0.000000000000000000e+00 0.000000000000000000e+00 0.000000000000000000e+00
1.457118469337813416e+00 2.173697595171748542e+00 2.312378114001413909e+00 0.000000000000000000e+00
0.000000000000000000e+00 0.000000000000000000e+00 0.000000000000000000e+00 0.000000000000000000e+00
0.000000000000000000e+00 0.000000000000000000e+00 0.000000000000000000e+00 0.000000000000000000e+00
0.000000000000000000e+00 0.000000000000000000e+00 0.000000000000000000e+00 0.000000000000000000e+00
-9.746421901838828172e-02 -6.348731708199926993e-02 -3.924100000000000588e+00 -1.000000000000000000e+00
0.000000000000000000e+00 0.000000000000000000e+00 0.000000000000000000e+00 0.000000000000000000e+00
-4.340619999999979078e-03 2.768300000000000760e-01 0.000000000000000000e+00 0.000000000000000000e+00
0.000000000000000000e+00 0.000000000000000000e+00 0.000000000000000000e+00 0.000000000000000000e+00
6.922214983068496474e-01 5.191088920027681075e-01 -8.242281830033343581e+00 0.000000000000000000e+00
0.000000000000000000e+00 0.000000000000000000e+00 0.000000000000000000e+00 0.000000000000000000e+00
1.487259831329678927e-01 1.680305855580672275e-02 0.000000000000000000e+00 -1.744985350737237484e+00
0.000000000000000000e+00 0.000000000000000000e+00 0.000000000000000000e+00 0.000000000000000000e+00
5.688401115683504317e-02 5.137801838975806223e-01 -3.769223755401275522e+00 -1.000000000000000000e+00
0.000000000000000000e+00 0.000000000000000000e+00 0.000000000000000000e+00 0.000000000000000000e+00
4.181183779224029173e-01 1.700000000000000400e-01 0.000000000000000000e+00 0.000000000000000000e+00
0.000000000000000000e+00 0.000000000000000000e+00 0.000000000000000000e+00 0.000000000000000000e+00
2.653870251565716210e+00 1.520099268722873986e-01 -8.950400398102342336e+00 0.000000000000000000e+00
0.000000000000000000e+00 0.000000000000000000e+00 0.000000000000000000e+00 0.000000000000000000e+00
4.027121084315790966e+00 -2.709999999999999562e-02 0.000000000000000000e+00 -3.208123000000000058e+00
0.000000000000000000e+00 0.000000000000000000e+00 0.000000000000000000e+00 0.000000000000000000e+00
4.058856616281401597e-01 6.410481635871940753e-01 -9.160014673302928401e+00 0.000000000000000000e+00
0.000000000000000000e+00 0.000000000000000000e+00 0.000000000000000000e+00 0.000000000000000000e+00
2.004168064915327729e+00 2.676639879380501297e-01 0.000000000000000000e+00 -7.011926122200236478e+00
0.000000000000000000e+00 0.000000000000000000e+00 0.000000000000000000e+00 0.000000000000000000e+00
1.738774521312537180e+00 4.810985739151872331e-01 -6.234720422956368857e+00 0.000000000000000000e+00
0.000000000000000000e+00 0.000000000000000000e+00 0.000000000000000000e+00 0.000000000000000000e+00
1.817926274364620065e+00 8.468434560769683150e-01 0.000000000000000000e+00 -7.074794162353510885e+00
0.000000000000000000e+00 0.000000000000000000e+00 0.000000000000000000e+00 0.000000000000000000e+00
2.203977464769900710e-03 2.668227466457889108e+00 -9.112511741762240547e+00 0.000000000000000000e+00
0.000000000000000000e+00 0.000000000000000000e+00 0.000000000000000000e+00 0.000000000000000000e+00
3.587728220000001023e-01 4.003370844819358787e+00 0.000000000000000000e+00 -4.462821667000000048e+00
0.000000000000000000e+00 0.000000000000000000e+00 0.000000000000000000e+00 0.000000000000000000e+00
5.072837562563421443e-01 4.277185651271784295e-01 -9.301198910224668381e+00 -7.299999999999999822e-01
0.000000000000000000e+00 0.000000000000000000e+00 0.000000000000000000e+00 0.000000000000000000e+00
7.175289547167040816e-01 1.453076612531496004e+00 0.000000000000000000e+00 -7.155148205210146273e+00
0.000000000000000000e+00 0.000000000000000000e+00 0.000000000000000000e+00 0.000000000000000000e+00
5.040048740694498264e-01 2.020218584022923647e+00 -7.125691712269773603e+00 0.000000000000000000e+00
0.000000000000000000e+00 0.000000000000000000e+00 0.000000000000000000e+00 0.000000000000000000e+00
7.196006989842234081e-01 1.739069689207965563e+00 0.000000000000000000e+00 -6.308816171671001172e+00
0.000000000000000000e+00 0.000000000000000000e+00 0.000000000000000000e+00 0.000000000000000000e+00
0.000000000000000000e+00 0.000000000000000000e+00 0.000000000000000000e+00 0.000000000000000000e+00
3.670793981592542221e-01 -7.891122427145000340e-02 -6.125795110000000765e-01 -4.407031000000000143e-01
0.000000000000000000e+00 0.000000000000000000e+00 0.000000000000000000e+00 0.000000000000000000e+00
0.000000000000000000e+00 0.000000000000000000e+00 0.000000000000000000e+00 0.000000000000000000e+00
0.000000000000000000e+00 0.000000000000000000e+00 0.000000000000000000e+00 0.000000000000000000e+00
7.955600086940879390e-01 7.999999999999993783e-01 5.799140898752315643e+00 -5.965955545154831841e-01
0.000000000000000000e+00 0.000000000000000000e+00 0.000000000000000000e+00 0.000000000000000000e+00
0.000000000000000000e+00 0.000000000000000000e+00 0.000000000000000000e+00 0.000000000000000000e+00
0.000000000000000000e+00 0.000000000000000000e+00 0.000000000000000000e+00 0.000000000000000000e+00
1.609084345087051560e+00 9.843021054901779365e-01 -2.915967621900890649e-01 3.726415109641487255e+00
0.000000000000000000e+00 0.000000000000000000e+00 0.000000000000000000e+00 0.000000000000000000e+00
0.000000000000000000e+00 0.000000000000000000e+00 0.000000000000000000e+00 0.000000000000000000e+00
0.000000000000000000e+00 0.000000000000000000e+00 0.000000000000000000e+00 0.000000000000000000e+00
7.236428585686974224e-02 3.049817655739892053e-01 -9.485365844869645402e-01 -1.284031644673603589e-01
0.000000000000000000e+00 0.000000000000000000e+00 0.000000000000000000e+00 0.000000000000000000e+00
0.000000000000000000e+00 0.000000000000000000e+00 0.000000000000000000e+00 0.000000000000000000e+00
0.000000000000000000e+00 0.000000000000000000e+00 0.000000000000000000e+00 0.000000000000000000e+00
1.664467761603415641e-01 3.028926104174021680e-02 2.213240342245336834e+00 -1.060147757083699377e-01
0.000000000000000000e+00 0.000000000000000000e+00 0.000000000000000000e+00 0.000000000000000000e+00
0.000000000000000000e+00 0.000000000000000000e+00 0.000000000000000000e+00 0.000000000000000000e+00
0.000000000000000000e+00 0.000000000000000000e+00 0.000000000000000000e+00 0.000000000000000000e+00
6.252165396262236996e-01 1.939327065609415812e-01 -5.920133467429274932e-01 1.419006150267758670e+00
0.000000000000000000e+00 0.000000000000000000e+00 0.000000000000000000e+00 0.000000000000000000e+00
0.000000000000000000e+00 0.000000000000000000e+00 0.000000000000000000e+00 0.000000000000000000e+00
0.000000000000000000e+00 0.000000000000000000e+00 0.000000000000000000e+00 0.000000000000000000e+00
3.835349179529242925e+00 0.000000000000000000e+00 -2.710018042443936848e-01 -3.977808786130430652e-01
0.000000000000000000e+00 0.000000000000000000e+00 0.000000000000000000e+00 0.000000000000000000e+00
0.000000000000000000e+00 0.000000000000000000e+00 0.000000000000000000e+00 0.000000000000000000e+00
0.000000000000000000e+00 0.000000000000000000e+00 0.000000000000000000e+00 0.000000000000000000e+00
1.336833513424347863e+00 0.000000000000000000e+00 2.353869136288261554e+00 -5.389047323553881608e-01
0.000000000000000000e+00 0.000000000000000000e+00 0.000000000000000000e+00 0.000000000000000000e+00
0.000000000000000000e+00 0.000000000000000000e+00 0.000000000000000000e+00 0.000000000000000000e+00
0.000000000000000000e+00 0.000000000000000000e+00 0.000000000000000000e+00 0.000000000000000000e+00
1.320867386588129966e+00 0.000000000000000000e+00 -1.062843009178420228e-01 1.536905495859120618e+00
0.000000000000000000e+00 0.000000000000000000e+00 0.000000000000000000e+00 0.000000000000000000e+00
0.000000000000000000e+00 0.000000000000000000e+00 0.000000000000000000e+00 0.000000000000000000e+00
0.000000000000000000e+00 0.000000000000000000e+00 0.000000000000000000e+00 0.000000000000000000e+00
-6.273370509086853564e-02 2.251349205281533497e-02 -1.000000000000000056e-01 -1.000000000000000000e+00
-9.100000000000000311e-01 1.337116318584531671e-01 -1.000000000000000056e-01 -1.000000000000000056e-01
0.000000000000000000e+00 0.000000000000000000e+00 0.000000000000000000e+00 0.000000000000000000e+00
0.000000000000000000e+00 0.000000000000000000e+00 0.000000000000000000e+00 0.000000000000000000e+00
7.999999999999993783e-01 0.000000000000000000e+00 3.193963765405494204e+00 -8.668959158892164396e+00
-8.816373969040775194e+00 7.997208720502286816e-01 2.895522282542216885e+00 4.154028620705997987e+00
0.000000000000000000e+00 0.000000000000000000e+00 0.000000000000000000e+00 0.000000000000000000e+00
0.000000000000000000e+00 0.000000000000000000e+00 0.000000000000000000e+00 0.000000000000000000e+00
4.263970073296797225e-01 -1.408930651949806268e-01 -9.806616589762570113e-01 -8.638263637748111456e-02
-3.495593800000000417e+00 1.040781655863638466e+00 -1.000000000000000056e-01 -3.507031000000000454e-01
0.000000000000000000e+00 0.000000000000000000e+00 0.000000000000000000e+00 0.000000000000000000e+00
0.000000000000000000e+00 0.000000000000000000e+00 0.000000000000000000e+00 0.000000000000000000e+00
-1.107266816952808125e-01 1.732894127003506979e-01 -8.167500289339890696e-01 -8.204666050597619886e+00
-7.166853747237002636e+00 2.630234691181762563e-01 -3.565558649741864539e-01 -2.047651710177123829e-01
0.000000000000000000e+00 0.000000000000000000e+00 0.000000000000000000e+00 0.000000000000000000e+00
0.000000000000000000e+00 0.000000000000000000e+00 0.000000000000000000e+00 0.000000000000000000e+00
6.845967462232376288e-01 2.586153055342687787e-02 1.887723377354987964e+00 -8.700303697819434134e+00
-8.707350114436872346e+00 7.999999999999993783e-01 0.000000000000000000e+00 3.404827194266780932e+00
0.000000000000000000e+00 0.000000000000000000e+00 0.000000000000000000e+00 0.000000000000000000e+00
0.000000000000000000e+00 0.000000000000000000e+00 0.000000000000000000e+00 0.000000000000000000e+00
-2.503351403617094101e-02 5.221842259018695254e-01 -7.096490081668342942e-01 -6.385358107175004960e+00
-8.115306537351406391e+00 9.304549149334730984e-01 -2.040258399983246318e-01 -2.320293987881513476e-01
0.000000000000000000e+00 0.000000000000000000e+00 0.000000000000000000e+00 0.000000000000000000e+00
0.000000000000000000e+00 0.000000000000000000e+00 0.000000000000000000e+00 0.000000000000000000e+00
3.588215290858963957e+00 0.000000000000000000e+00 -4.760379042079873613e-01 -8.599398517660468144e+00
-7.637373061882937186e+00 4.044971918287708412e+00 0.000000000000000000e+00 -1.753244376249909753e-01
0.000000000000000000e+00 0.000000000000000000e+00 0.000000000000000000e+00 0.000000000000000000e+00
0.000000000000000000e+00 0.000000000000000000e+00 0.000000000000000000e+00 0.000000000000000000e+00
1.321980459437492872e+00 0.000000000000000000e+00 1.905939603962837126e+00 -8.576153526152356932e+00
-8.666315031268755575e+00 2.692587969744188570e+00 0.000000000000000000e+00 1.645196979826174077e+00
0.000000000000000000e+00 0.000000000000000000e+00 0.000000000000000000e+00 0.000000000000000000e+00
0.000000000000000000e+00 0.000000000000000000e+00 0.000000000000000000e+00 0.000000000000000000e+00
1.672387536532442542e+00 2.051622772019815244e+00 -1.825805297186089693e-01 -7.689528948540278463e+00
-7.334431523728079938e+00 2.162043130255249856e+00 0.000000000000000000e+00 -1.006418378184843476e-01
0.000000000000000000e+00 0.000000000000000000e+00 0.000000000000000000e+00 0.000000000000000000e+00
-9.190000000000000391e-01 -8.482291864220652122e-02 -1.000000000000000056e-01 -1.089999999999999997e-01
-1.261426854779156281e-01 1.028767924549610496e-01 -1.648000000000000131e+00 -1.000000000000000056e-01
0.000000000000000000e+00 0.000000000000000000e+00 0.000000000000000000e+00 0.000000000000000000e+00
0.000000000000000000e+00 0.000000000000000000e+00 0.000000000000000000e+00 0.000000000000000000e+00
-3.055051000000000183e+00 3.916415936368656259e-01 -2.672046721000000402e-01 0.000000000000000000e+00
2.589057388684468108e-01 -8.289632392989541854e-02 -4.763008300603068790e+00 -7.758465887320714627e-01
0.000000000000000000e+00 0.000000000000000000e+00 0.000000000000000000e+00 0.000000000000000000e+00
0.000000000000000000e+00 0.000000000000000000e+00 0.000000000000000000e+00 0.000000000000000000e+00
-6.954418893644149335e+00 1.440948157956611020e+00 4.129643059060815524e+00 0.000000000000000000e+00
1.612520878263898005e+00 1.429999999999578053e+00 -8.150924027933696081e+00 3.976874521054901468e+00
0.000000000000000000e+00 0.000000000000000000e+00 0.000000000000000000e+00 0.000000000000000000e+00
0.000000000000000000e+00 0.000000000000000000e+00 0.000000000000000000e+00 0.000000000000000000e+00
-5.600671990053287530e+00 2.149655147590121829e-01 -2.077476330042516417e-01 -1.801522909781638759e-01
-1.007013772745892349e-01 1.320819795206278416e-02 -7.372141886168341429e+00 -1.352499800766527593e-01
0.000000000000000000e+00 0.000000000000000000e+00 0.000000000000000000e+00 0.000000000000000000e+00
0.000000000000000000e+00 0.000000000000000000e+00 0.000000000000000000e+00 0.000000000000000000e+00
-6.161598095324273494e+00 4.143246400120640383e-01 -1.152981971217694884e-01 -1.638946281465506194e-01
-2.486853673099476830e-02 4.920349619933141461e-01 -6.951659183598547287e+00 -1.129412632143499129e-01
0.000000000000000000e+00 0.000000000000000000e+00 0.000000000000000000e+00 0.000000000000000000e+00
0.000000000000000000e+00 0.000000000000000000e+00 0.000000000000000000e+00 0.000000000000000000e+00
-7.912942541389727857e+00 1.517138801973668460e+00 2.455897781431681359e+00 0.000000000000000000e+00
4.469909996428467203e-01 -9.999999999999998473e-03 -7.472812628025075732e+00 1.171759067854120762e+00
0.000000000000000000e+00 0.000000000000000000e+00 0.000000000000000000e+00 0.000000000000000000e+00
0.000000000000000000e+00 0.000000000000000000e+00 0.000000000000000000e+00 0.000000000000000000e+00
-7.155166887478277893e+00 3.148863514170131772e+00 -4.164291480350569286e-01 0.000000000000000000e+00
3.077527799124400776e+00 0.000000000000000000e+00 -5.979441790299516057e+00 -6.129137066448722138e-01
0.000000000000000000e+00 0.000000000000000000e+00 0.000000000000000000e+00 0.000000000000000000e+00
0.000000000000000000e+00 0.000000000000000000e+00 0.000000000000000000e+00 0.000000000000000000e+00
-8.210484407251517069e+00 1.702772670706865332e+00 -1.000055582377095964e-01 0.000000000000000000e+00
1.308585685498593998e+00 -1.089999999999999997e-01 -7.522558644040490350e+00 -7.938317604432834074e-01
0.000000000000000000e+00 0.000000000000000000e+00 0.000000000000000000e+00 0.000000000000000000e+00
0.000000000000000000e+00 0.000000000000000000e+00 0.000000000000000000e+00 0.000000000000000000e+00
-7.642911433407592270e+00 3.517521712206176154e+00 1.959604714723659491e+00 0.000000000000000000e+00
1.758077270532363956e+00 2.257560370029354946e+00 -7.347088407893389572e+00 1.720085531158320080e+00
0.000000000000000000e+00 0.000000000000000000e+00 0.000000000000000000e+00 0.000000000000000000e+00
0.000000000000000000e+00 0.000000000000000000e+00 0.000000000000000000e+00 0.000000000000000000e+00
-1.000000000000000000e+00 5.561000000000002053e-02 -7.299999999999999822e-01 -9.100000000000000311e-01
-1.899999999999999606e-02 -1.899999999999999606e-02 -9.100000000000000311e-01 -1.000000000000000000e+00
-6.669999999999999263e-01 -9.999999999999998473e-03 -7.299999999999999822e-01 0.000000000000000000e+00
0.000000000000000000e+00 0.000000000000000000e+00 0.000000000000000000e+00 0.000000000000000000e+00
-1.729000000000000092e+00 4.098794629769325626e-01 0.000000000000000000e+00 0.000000000000000000e+00
1.807825724901553355e-01 -1.493839211616917184e-01 -2.778042087999999854e+00 -6.227259251932901307e+00
-2.965188700000000122e+00 1.539537465589903009e-01 -6.021999999999996245e-01 -8.366607281298128473e-01
0.000000000000000000e+00 0.000000000000000000e+00 0.000000000000000000e+00 0.000000000000000000e+00
-4.138727877999999194e+00 7.486272685658966752e-01 -3.960269990199999590e+00 -8.199999999999999512e-01
8.120597543448369038e-01 -3.528404997472918414e-02 -5.611178180855802111e+00 -2.617776023587279788e+00
-3.039489999999999803e+00 3.457218014640009995e-01 -8.199999999999999512e-01 -8.199999999999999512e-01
0.000000000000000000e+00 0.000000000000000000e+00 0.000000000000000000e+00 0.000000000000000000e+00
-4.053157210000000177e+00 2.470032742891783983e-01 -4.181347900000000450e+00 -9.100000000000000311e-01
-1.912708000000000186e-01 1.550981655059293640e-01 -2.780200000000000227e+00 -1.729000000000000092e+00
-3.863078446042000458e+00 1.803213637875924480e-01 -1.000000000000000000e+00 -5.059525517290000884e+00
0.000000000000000000e+00 0.000000000000000000e+00 0.000000000000000000e+00 0.000000000000000000e+00
-6.302982445141491752e+00 2.218540058542274318e-01 -6.730103790926293073e+00 -7.299999999999999822e-01
-2.093572978882089070e-02 4.211898923449542975e-01 -7.151118889836476811e+00 -8.975361977247104051e+00
-8.856265235189640705e+00 2.015607494544967571e-01 -8.199999999999999512e-01 -6.542279727696525882e+00
0.000000000000000000e+00 0.000000000000000000e+00 0.000000000000000000e+00 0.000000000000000000e+00
-7.818286856605114465e+00 6.347703753870984622e-01 -7.551637040569421089e+00 -8.199999999999999512e-01
-4.131915004143128789e-02 3.676808692418623292e-01 -8.207306459050698777e+00 -6.948949007898258756e+00
-6.329757499300000312e+00 2.775985465262993390e-01 -1.000000000000000000e+00 -5.857718485242809692e+00
0.000000000000000000e+00 0.000000000000000000e+00 0.000000000000000000e+00 0.000000000000000000e+00
-6.764161581857630168e+00 2.058259284768233943e+00 -7.478638287764101555e+00 0.000000000000000000e+00
1.287262426812973759e+00 0.000000000000000000e+00 -7.139048228613471991e+00 -9.023534766168991084e+00
-5.617948249252001425e+00 2.641914888855036558e+00 0.000000000000000000e+00 -3.543991072299999878e+00
0.000000000000000000e+00 0.000000000000000000e+00 0.000000000000000000e+00 0.000000000000000000e+00
-6.418798073590029851e+00 2.158647041966480717e+00 -8.280526030654597136e+00 -7.299999999999999822e-01
1.448107059747625325e+00 2.107461904222835525e+00 -7.433259917189042554e+00 -8.333433601353485543e+00
-7.821542743832934796e+00 1.413342228702226366e+00 0.000000000000000000e+00 -7.469848091619990527e+00
0.000000000000000000e+00 0.000000000000000000e+00 0.000000000000000000e+00 0.000000000000000000e+00
-8.188364567855646925e+00 2.386509094367426531e+00 -7.802615799704081923e+00 0.000000000000000000e+00
1.668868123715465002e+00 0.000000000000000000e+00 -8.606840481899121542e+00 -7.358603847081728766e+00
-6.987504051947645678e+00 1.115269195512831102e+00 0.000000000000000000e+00 -7.970640439294582436e+00
-9.668040209866955725e-02 -6.995569606882801050e-02 -4.095100000000000406e-01 -5.396795110000001117e-01
0.000000000000000000e+00 0.000000000000000000e+00 0.000000000000000000e+00 0.000000000000000000e+00
0.000000000000000000e+00 0.000000000000000000e+00 0.000000000000000000e+00 0.000000000000000000e+00
0.000000000000000000e+00 0.000000000000000000e+00 0.000000000000000000e+00 0.000000000000000000e+00
7.999999999999993783e-01 7.999999999999511946e-01 6.318219484639286954e+00 -9.192987252476614302e-01
0.000000000000000000e+00 0.000000000000000000e+00 0.000000000000000000e+00 0.000000000000000000e+00
0.000000000000000000e+00 0.000000000000000000e+00 0.000000000000000000e+00 0.000000000000000000e+00
0.000000000000000000e+00 0.000000000000000000e+00 0.000000000000000000e+00 0.000000000000000000e+00
1.699999999999998845e+00 1.695458927221809908e+00 -9.999999999970490272e-01 4.497361606264681733e+00
0.000000000000000000e+00 0.000000000000000000e+00 0.000000000000000000e+00 0.000000000000000000e+00
0.000000000000000000e+00 0.000000000000000000e+00 0.000000000000000000e+00 0.000000000000000000e+00
0.000000000000000000e+00 0.000000000000000000e+00 0.000000000000000000e+00 0.000000000000000000e+00
1.124197365623687217e+00 5.145441801524977876e+00 -8.289993465550934415e-01 -2.015987497717801613e-01
0.000000000000000000e+00 0.000000000000000000e+00 0.000000000000000000e+00 0.000000000000000000e+00
0.000000000000000000e+00 0.000000000000000000e+00 0.000000000000000000e+00 0.000000000000000000e+00
0.000000000000000000e+00 0.000000000000000000e+00 0.000000000000000000e+00 0.000000000000000000e+00
6.295645440703911966e-01 1.939332302281917775e+00 1.442488873893896795e+00 -1.070531924590182038e-01
0.000000000000000000e+00 0.000000000000000000e+00 0.000000000000000000e+00 0.000000000000000000e+00
0.000000000000000000e+00 0.000000000000000000e+00 0.000000000000000000e+00 0.000000000000000000e+00
0.000000000000000000e+00 0.000000000000000000e+00 0.000000000000000000e+00 0.000000000000000000e+00
6.689124671426420754e-01 2.033070359747713773e+00 -9.967695872852260219e-01 1.517615362009558932e+00
0.000000000000000000e+00 0.000000000000000000e+00 0.000000000000000000e+00 0.000000000000000000e+00
0.000000000000000000e+00 0.000000000000000000e+00 0.000000000000000000e+00 0.000000000000000000e+00
0.000000000000000000e+00 0.000000000000000000e+00 0.000000000000000000e+00 0.000000000000000000e+00
-1.000000000000000056e-01 1.741599835105406280e-01 -2.527310873165362626e-01 -9.076431702962848291e-01
0.000000000000000000e+00 0.000000000000000000e+00 0.000000000000000000e+00 0.000000000000000000e+00
0.000000000000000000e+00 0.000000000000000000e+00 0.000000000000000000e+00 0.000000000000000000e+00
0.000000000000000000e+00 0.000000000000000000e+00 0.000000000000000000e+00 0.000000000000000000e+00
-1.000000000000000056e-01 5.520303340438195150e-01 1.683343424970514146e+00 -9.505110553901402470e-01
0.000000000000000000e+00 0.000000000000000000e+00 0.000000000000000000e+00 0.000000000000000000e+00
0.000000000000000000e+00 0.000000000000000000e+00 0.000000000000000000e+00 0.000000000000000000e+00
0.000000000000000000e+00 0.000000000000000000e+00 0.000000000000000000e+00 0.000000000000000000e+00
-1.000000000000000056e-01 9.628184116210046495e-02 -2.968113294880155850e-01 1.627961870802032474e+00
0.000000000000000000e+00 0.000000000000000000e+00 0.000000000000000000e+00 0.000000000000000000e+00
0.000000000000000000e+00 0.000000000000000000e+00 0.000000000000000000e+00 0.000000000000000000e+00
0.000000000000000000e+00 0.000000000000000000e+00 0.000000000000000000e+00 0.000000000000000000e+00
1.369014645815958831e-01 -8.936279676285451001e-02 -1.000000000000000056e-01 -1.000000000000000000e+00
0.000000000000000000e+00 0.000000000000000000e+00 0.000000000000000000e+00 0.000000000000000000e+00
0.000000000000000000e+00 0.000000000000000000e+00 0.000000000000000000e+00 0.000000000000000000e+00
-1.527714133829559048e-02 -7.299999999999999822e-01 -1.000000000000000056e-01 -1.000000000000000056e-01
-2.236926626631990933e-02 7.972118911972192468e-01 5.574134847745667365e+00 -9.405218962092451562e+00
0.000000000000000000e+00 0.000000000000000000e+00 0.000000000000000000e+00 0.000000000000000000e+00
0.000000000000000000e+00 0.000000000000000000e+00 0.000000000000000000e+00 0.000000000000000000e+00
7.890580929497521545e-01 -7.952499315868855057e+00 2.698153263100797172e+00 5.000140656872512857e+00
4.423724534591119695e-01 -7.038918608692576462e-02 -9.353891811077332807e-01 -2.985467674996320486e+00
0.000000000000000000e+00 0.000000000000000000e+00 0.000000000000000000e+00 0.000000000000000000e+00
0.000000000000000000e+00 0.000000000000000000e+00 0.000000000000000000e+00 0.000000000000000000e+00
8.635391293143350466e-02 -5.391444927070002002e+00 -1.000000000000000056e-01 -2.474534335575377109e-01
1.701901554663003857e+00 3.665971237065158483e+00 -9.457258261974724745e-01 -7.789951769182413166e+00
0.000000000000000000e+00 0.000000000000000000e+00 0.000000000000000000e+00 0.000000000000000000e+00
0.000000000000000000e+00 0.000000000000000000e+00 0.000000000000000000e+00 0.000000000000000000e+00
2.798582164034409292e+00 -7.366804147550039872e+00 0.000000000000000000e+00 -9.516676748876540248e-01
1.109650928241902479e+00 1.275294585748805831e+00 1.800120554890560776e+00 -9.050719156459722470e+00
0.000000000000000000e+00 0.000000000000000000e+00 0.000000000000000000e+00 0.000000000000000000e+00
0.000000000000000000e+00 0.000000000000000000e+00 0.000000000000000000e+00 0.000000000000000000e+00
1.998816039670118228e+00 -7.757529113123824871e+00 1.892787442699201073e+00 3.056953973973774108e+00
-1.900000000000000022e-01 1.538360510571239903e+00 -8.623743607484392060e-01 -7.498003739316507321e+00
0.000000000000000000e+00 0.000000000000000000e+00 0.000000000000000000e+00 0.000000000000000000e+00
0.000000000000000000e+00 0.000000000000000000e+00 0.000000000000000000e+00 0.000000000000000000e+00
1.438632366189844136e+00 -7.536609255437108246e+00 3.212788104778016574e-02 -9.935329024786374585e-01
-1.000000000000000056e-01 1.219975468773108196e-01 -5.425186705404855259e-01 -8.670911452882458903e+00
0.000000000000000000e+00 0.000000000000000000e+00 0.000000000000000000e+00 0.000000000000000000e+00
0.000000000000000000e+00 0.000000000000000000e+00 0.000000000000000000e+00 0.000000000000000000e+00
1.018029048932391767e-01 -4.012360389368525126e+00 -1.900000000000000022e-01 -6.958052132863083994e-01
-2.937781743968788384e-02 4.249970480189675381e-01 2.074862064479150892e+00 -9.335926623904869714e+00
0.000000000000000000e+00 0.000000000000000000e+00 0.000000000000000000e+00 0.000000000000000000e+00
0.000000000000000000e+00 0.000000000000000000e+00 0.000000000000000000e+00 0.000000000000000000e+00
7.999999999999993783e-01 -8.769707492524926096e+00 0.000000000000000000e+00 2.990541824191988329e+00
-1.470699999999999785e-01 4.552222740937977852e-01 -5.248751958608031121e-01 -8.359067724887971451e+00
0.000000000000000000e+00 0.000000000000000000e+00 0.000000000000000000e+00 0.000000000000000000e+00
0.000000000000000000e+00 0.000000000000000000e+00 0.000000000000000000e+00 0.000000000000000000e+00
4.660479425435759548e-01 -8.972714474032438048e+00 -9.837279999999998248e-02 -8.439085185270001066e-01
-7.619937537232446267e-02 -7.712320754503898534e-02 -1.899999999999999911e+00 -1.900000000000000022e-01
-8.694847617494673442e-02 -9.100000000000000311e-01 -1.000000000000000056e-01 -1.000000000000000056e-01
0.000000000000000000e+00 0.000000000000000000e+00 0.000000000000000000e+00 0.000000000000000000e+00
0.000000000000000000e+00 0.000000000000000000e+00 0.000000000000000000e+00 0.000000000000000000e+00
-1.000000000000000056e-01 5.503766486847988526e-02 -9.794360875061569605e-01 -7.786316338405742110e-01
4.203856547169767532e-01 -4.002879274012900446e+00 -7.712320754503900755e-01 0.000000000000000000e+00
0.000000000000000000e+00 0.000000000000000000e+00 0.000000000000000000e+00 0.000000000000000000e+00
0.000000000000000000e+00 0.000000000000000000e+00 0.000000000000000000e+00 0.000000000000000000e+00
-9.289941300489820697e-02 1.571050694433312245e+00 -7.195455031027462311e+00 4.272750236994286688e+00
1.699825557642482110e+00 -7.790826982881783991e+00 4.541319686516549048e+00 0.000000000000000000e+00
0.000000000000000000e+00 0.000000000000000000e+00 0.000000000000000000e+00 0.000000000000000000e+00
0.000000000000000000e+00 0.000000000000000000e+00 0.000000000000000000e+00 0.000000000000000000e+00
1.064010052115977212e+00 3.538305109989692721e+00 -6.905629326374836729e+00 -1.610508615849049474e-01
1.899568313816760501e+00 -7.397645837894515353e+00 -9.997815254994715239e-01 0.000000000000000000e+00
0.000000000000000000e+00 0.000000000000000000e+00 0.000000000000000000e+00 0.000000000000000000e+00
0.000000000000000000e+00 0.000000000000000000e+00 0.000000000000000000e+00 0.000000000000000000e+00
-2.497001122809122675e-01 1.926323081023189054e+00 -7.196089737767358940e+00 -1.052696665748329569e-01
1.966869331781577079e+00 -7.178408138911525072e+00 -9.521223988501388291e-01 0.000000000000000000e+00
0.000000000000000000e+00 0.000000000000000000e+00 0.000000000000000000e+00 0.000000000000000000e+00
0.000000000000000000e+00 0.000000000000000000e+00 0.000000000000000000e+00 0.000000000000000000e+00
1.054735881046997781e+00 2.219927478644221797e+00 -8.242674232920398580e+00 1.648937462140528831e+00
1.641740828996863799e+00 -7.301173959157754467e+00 2.328983971497166738e+00 0.000000000000000000e+00
0.000000000000000000e+00 0.000000000000000000e+00 0.000000000000000000e+00 0.000000000000000000e+00
0.000000000000000000e+00 0.000000000000000000e+00 0.000000000000000000e+00 0.000000000000000000e+00
-1.089999999999999997e-01 -6.040124216370307102e-03 -7.972383023174836936e+00 -8.531674471219483635e-01
4.755846727804023677e-02 -7.010505792994866425e+00 -7.501650686224358155e-01 -2.343231945453643217e-01
0.000000000000000000e+00 0.000000000000000000e+00 0.000000000000000000e+00 0.000000000000000000e+00
0.000000000000000000e+00 0.000000000000000000e+00 0.000000000000000000e+00 0.000000000000000000e+00
-1.659290657358879484e-01 4.085757365762361926e-01 -7.758841580623410117e+00 -9.234761651932847926e-01
5.105821844360938222e-01 -8.249652379285967285e+00 -8.754829315392038680e-01 -8.225602349924307499e-02
0.000000000000000000e+00 0.000000000000000000e+00 0.000000000000000000e+00 0.000000000000000000e+00
0.000000000000000000e+00 0.000000000000000000e+00 0.000000000000000000e+00 0.000000000000000000e+00
1.123612607835149935e-01 7.164205486177370741e-01 -9.261169996081576983e+00 1.566114371098741298e+00
1.455351048859692131e+00 -7.193404665098839246e+00 2.393112316751117685e+00 0.000000000000000000e+00
0.000000000000000000e+00 0.000000000000000000e+00 0.000000000000000000e+00 0.000000000000000000e+00
0.000000000000000000e+00 0.000000000000000000e+00 0.000000000000000000e+00 0.000000000000000000e+00
-3.438999999999999002e-02 -2.709999999999999562e-02 -7.299999999999999822e-01 -1.000000000000000000e+00
-9.576088417247834161e-02 -9.100000000000000311e-01 -1.000000000000000000e+00 -1.000000000000000000e+00
0.000000000000000000e+00 0.000000000000000000e+00 0.000000000000000000e+00 0.000000000000000000e+00
-9.999999999999998473e-03 -7.299999999999999822e-01 -1.000000000000000000e+00 -1.000000000000000056e-01
-6.513215598999999578e-02 1.539581397852007039e-01 -1.557999999999999829e+00 -5.935289452300000157e+00
3.815422762925080313e-01 -3.357982000000000244e+00 -1.737999999999999989e+00 -7.299999999999999822e-01
0.000000000000000000e+00 0.000000000000000000e+00 0.000000000000000000e+00 0.000000000000000000e+00
5.733618110625915421e-01 -6.335473724292350894e+00 0.000000000000000000e+00 -4.883917825044369110e+00
-1.000000000000000056e-01 1.952419685589292797e-01 -3.915522999999999865e+00 -8.436230000000000118e-01
7.766964678413850187e-01 -6.600854203888628646e+00 -1.372058895467008099e+00 0.000000000000000000e+00
0.000000000000000000e+00 0.000000000000000000e+00 0.000000000000000000e+00 0.000000000000000000e+00
5.243211963268604725e-01 -9.100000000000000311e-01 0.000000000000000000e+00 -1.657000000000000028e+00
1.788216608700476939e+00 2.376152346223006084e+00 -7.941221487192506423e+00 -8.999295378525898670e+00
2.074434428347794679e+00 -3.202371999999999996e+00 -5.498497900000000271e+00 0.000000000000000000e+00
0.000000000000000000e+00 0.000000000000000000e+00 0.000000000000000000e+00 0.000000000000000000e+00
4.636035184427742983e+00 -5.084415611200001628e+00 0.000000000000000000e+00 -4.527061390000000074e+00
-1.900000000000000022e-01 2.064519936068758721e+00 -6.745161884128716423e+00 -9.104558139361618174e+00
1.588027621664344746e+00 -8.268172437436934530e+00 -9.893595537347707136e+00 -7.299999999999999822e-01
0.000000000000000000e+00 0.000000000000000000e+00 0.000000000000000000e+00 0.000000000000000000e+00
1.967999631811958805e+00 -7.839061848340848293e+00 0.000000000000000000e+00 -7.856418478642869019e+00
1.167685512806629688e+00 2.092907468970488072e+00 -8.476221237583059676e+00 -7.459791410916088772e+00
1.750231694601682264e+00 -4.018262319999999832e+00 -1.041199999999999903e+00 0.000000000000000000e+00
0.000000000000000000e+00 0.000000000000000000e+00 0.000000000000000000e+00 0.000000000000000000e+00
2.052004727723773847e+00 -6.137546972787848887e+00 0.000000000000000000e+00 -6.918173049110319717e+00
-1.900000000000000022e-01 1.187481612395366037e-01 -2.707300000000000040e+00 -1.729000000000000092e+00
-1.044979284501768892e-02 -7.026180662765800555e+00 -7.249316561241713863e+00 -1.000000000000000000e+00
0.000000000000000000e+00 0.000000000000000000e+00 0.000000000000000000e+00 0.000000000000000000e+00
1.955819269686901174e-01 -5.198508888068499090e+00 -7.299999999999999822e-01 -8.660547266352375928e+00
-2.126799999999999802e-01 3.024167949692333490e-01 -7.275127033678401745e+00 -8.565879644716073216e+00
3.117648496420332149e-01 -7.001830620874948785e+00 -7.263908120775748323e+00 -7.299999999999999822e-01
0.000000000000000000e+00 0.000000000000000000e+00 0.000000000000000000e+00 0.000000000000000000e+00
5.215867633421366056e-01 -8.654113495547033352e+00 -8.199999999999999512e-01 -7.165724522812463526e+00
-1.324899999999999967e-01 5.381304056590521245e-01 -8.347882898222355408e+00 -7.722881422882187152e+00
5.406697118385244138e-01 -8.945860734465213682e+00 -6.262196875905907234e+00 -7.299999999999999822e-01
0.000000000000000000e+00 0.000000000000000000e+00 0.000000000000000000e+00 0.000000000000000000e+00
2.684645064535663428e-01 -8.621459897902425951e+00 -9.100000000000000311e-01 -6.999590598196510527e+00
-9.190000000000000391e-01 -9.100000000000000311e-01 1.763900000000000468e-01 -2.119510000000000005e-01
0.000000000000000000e+00 0.000000000000000000e+00 0.000000000000000000e+00 0.000000000000000000e+00
-3.048471999999999849e+00 -1.467999999999999972e+00 -9.998992126093615429e-01 -9.999055736113672266e-01
0.000000000000000000e+00 0.000000000000000000e+00 0.000000000000000000e+00 0.000000000000000000e+00
-7.570000000000000062e-01 -2.466099999999999959e+00 4.450133806302385864e+00 -9.999999999999998473e-03
0.000000000000000000e+00 0.000000000000000000e+00 0.000000000000000000e+00 0.000000000000000000e+00
-7.242304966827460611e+00 -9.100000000000000311e-01 3.248515508868087043e+00 -7.623722184497901122e-02
0.000000000000000000e+00 0.000000000000000000e+00 0.000000000000000000e+00 0.000000000000000000e+00
-8.199999999999999512e-01 -1.411299999999999999e+00 1.529000000000000359e-01 3.591651267804282899e+00
0.000000000000000000e+00 0.000000000000000000e+00 0.000000000000000000e+00 0.000000000000000000e+00
-6.649195434550550843e+00 -8.199999999999999512e-01 3.304265848436584441e-01 2.408617732343556916e+00
0.000000000000000000e+00 0.000000000000000000e+00 0.000000000000000000e+00 0.000000000000000000e+00
-1.000000000000000000e+00 -5.895240452273106335e+00 -2.920921978313317791e-01 -1.367001199897406316e-01
0.000000000000000000e+00 0.000000000000000000e+00 0.000000000000000000e+00 0.000000000000000000e+00
-7.353476162762474289e+00 -1.729000000000000092e+00 -9.996770952712011882e-01 -9.119193613530576226e-01
0.000000000000000000e+00 0.000000000000000000e+00 0.000000000000000000e+00 0.000000000000000000e+00
-8.199999999999999512e-01 -4.584473550100000239e+00 2.374970956098160446e+00 -8.764559107299997598e-02
0.000000000000000000e+00 0.000000000000000000e+00 0.000000000000000000e+00 0.000000000000000000e+00
-8.200083533817192460e+00 -9.100000000000000311e-01 1.653842089903366119e+00 -9.980679686770110859e-01
0.000000000000000000e+00 0.000000000000000000e+00 0.000000000000000000e+00 0.000000000000000000e+00
-1.000000000000000000e+00 -4.826292457251249779e+00 3.422407640948006702e-02 2.011516846310563267e+00
0.000000000000000000e+00 0.000000000000000000e+00 0.000000000000000000e+00 0.000000000000000000e+00
-7.380967583800400078e+00 -1.729000000000000092e+00 -9.627282152823277706e-01 2.248833708477851356e+00
0.000000000000000000e+00 0.000000000000000000e+00 0.000000000000000000e+00 0.000000000000000000e+00
-1.000000000000000000e+00 -7.432843276137873545e+00 1.357563819112940842e-02 -8.782897197964892322e-02
0.000000000000000000e+00 0.000000000000000000e+00 0.000000000000000000e+00 0.000000000000000000e+00
-4.685441717456398258e+00 -1.623852999999999991e+00 -9.680271751635465272e-01 -5.887088564341380614e-01
0.000000000000000000e+00 0.000000000000000000e+00 0.000000000000000000e+00 0.000000000000000000e+00
-1.000000000000000000e+00 -8.191191397797256357e+00 2.803924897599265886e+00 -2.679912352952106697e-02
0.000000000000000000e+00 0.000000000000000000e+00 0.000000000000000000e+00 0.000000000000000000e+00
-3.908752749370000501e+00 -1.000000000000000000e+00 2.506875467340479613e+00 2.998087577000000392e-01
0.000000000000000000e+00 0.000000000000000000e+00 0.000000000000000000e+00 0.000000000000000000e+00
-1.000000000000000000e+00 -7.336917837412183729e+00 3.192746261464620150e-01 2.440630090823699749e+00
0.000000000000000000e+00 0.000000000000000000e+00 0.000000000000000000e+00 0.000000000000000000e+00
-7.019237400644525948e+00 -7.389999999999999902e-01 3.561179514408243652e-01 2.228690478300539901e+00
0.000000000000000000e+00 0.000000000000000000e+00 0.000000000000000000e+00 0.000000000000000000e+00
-9.100000000000000311e-01 -1.729000000000000092e+00 -6.638414976383733013e-01 -9.100000000000000311e-01
0.000000000000000000e+00 0.000000000000000000e+00 0.000000000000000000e+00 0.000000000000000000e+00
-8.199999999999999512e-01 -7.479999999999998872e-01 -4.644081188535253979e-01 -1.000000000000000000e+00
-8.199999999999999512e-01 0.000000000000000000e+00 0.000000000000000000e+00 0.000000000000000000e+00
-1.000000000000000000e+00 -1.647982000000000058e+00 5.128983878105987770e+00 -7.299999999999999822e-01
0.000000000000000000e+00 0.000000000000000000e+00 0.000000000000000000e+00 0.000000000000000000e+00
-4.685141809000000102e+00 -8.199999999999999512e-01 4.403215578447727374e+00 -1.899999999999999911e+00
-6.062056961671001609e+00 -4.670168878000000134e+00 6.034184021905283579e+00 2.579598370000000251e+00
-1.744390000000000107e+00 -6.525891851539159738e+00 -7.760482458350631552e-01 -1.248520225003955098e+00
0.000000000000000000e+00 0.000000000000000000e+00 0.000000000000000000e+00 0.000000000000000000e+00
-3.720445480179999542e+00 -1.548999999999999932e+00 -4.942344173255578399e-01 -2.716423929999999931e+00
-2.376100000000000101e+00 -1.729000000000000092e+00 -4.506704865772357405e-01 3.222101355785675914e-01
-1.000000000000000000e+00 -6.468812921429536011e+00 -8.408098644418674494e-01 -9.101744623053834360e+00
0.000000000000000000e+00 0.000000000000000000e+00 0.000000000000000000e+00 0.000000000000000000e+00
-4.081086729999999108e+00 -1.729000000000000092e+00 -6.625171867779636736e-01 -5.085811000000000526e+00
-8.110647700771522750e+00 -7.189584971738826269e+00 -3.989740630443429081e-01 5.593842055284452552e-01
-7.934409999999999519e-01 -6.355995576792314417e+00 1.904634962371520857e+00 -8.502258456162760325e+00
0.000000000000000000e+00 0.000000000000000000e+00 0.000000000000000000e+00 0.000000000000000000e+00
-7.805340533362356226e+00 -9.100000000000000311e-01 1.677754009737083329e+00 -9.452577680077279609e+00
-8.543936347240679297e+00 -8.200056577847574246e+00 1.846597196968428056e+00 3.609447753933237468e+00
-1.818999999999999950e+00 -8.139600721073964706e+00 -5.354858171019339919e-01 -7.819742349270875081e+00
0.000000000000000000e+00 0.000000000000000000e+00 0.000000000000000000e+00 0.000000000000000000e+00
-7.857802326649356850e+00 -1.476999999999999869e+00 -5.308913023820117649e-01 -7.095730300800071610e+00
-8.712511879914357493e+00 -7.707084551350135371e+00 -3.839810795902630636e-01 5.602861195382532467e-01
-8.199999999999999512e-01 -2.975590000000000401e+00 6.646117889926118905e-03 -6.420261210726700973e+00
0.000000000000000000e+00 0.000000000000000000e+00 0.000000000000000000e+00 0.000000000000000000e+00
-2.163819418100000114e+00 -1.818999999999999950e+00 -7.652037584203493781e-01 -6.983032801145180990e+00
-7.531220088511470401e+00 -6.172190828556364472e+00 -9.999999999999998473e-03 1.329004439468989496e+00
-7.479999999999998872e-01 -6.675734846318042592e+00 2.790457205531608142e+00 -7.579652661547279457e+00
0.000000000000000000e+00 0.000000000000000000e+00 0.000000000000000000e+00 0.000000000000000000e+00
-6.340822316643810019e+00 -9.100000000000000311e-01 1.730438032718750963e+00 -5.972295670409908830e+00
-8.210275697865411004e+00 -7.800836703619066448e+00 2.377987243112729132e+00 3.258127867491523055e+00
-1.818999999999999950e+00 -7.550144582816042060e+00 -1.219409222174150237e-01 -6.896596365900785841e+00
0.000000000000000000e+00 0.000000000000000000e+00 0.000000000000000000e+00 0.000000000000000000e+00
-7.389538051165960297e+00 -1.818999999999999950e+00 -6.929598007016143368e-01 -7.861100079269588647e+00
-7.568036290117445830e+00 -8.514747610841604697e+00 -1.024076255765148102e-01 1.050788790476942625e+00
-9.100000000000000311e-01 -6.431458573629997844e-01 -8.199999999999999512e-01 -4.247008210000001727e-01
-7.299999999999999822e-01 -7.299999999999999822e-01 -1.000000000000000056e-01 -6.687999999999998113e-02
-9.100000000000000311e-01 -7.299999999999999822e-01 -7.299999999999999822e-01 -5.695327900000001220e-01
0.000000000000000000e+00 0.000000000000000000e+00 0.000000000000000000e+00 0.000000000000000000e+00
-1.648000000000000131e+00 -4.309307389000000654e+00 -5.466880891180001534e+00 -3.283617553805671108e-01
-7.299999999999999822e-01 -9.100000000000000311e-01 -2.497475774072617782e-01 1.189350443212802144e+00
-5.457191817070000006e+00 -1.000000000000000000e+00 -3.622673799999999833e+00 -7.525599873147781338e-01
0.000000000000000000e+00 0.000000000000000000e+00 0.000000000000000000e+00 0.000000000000000000e+00
-1.000000000000000000e+00 -2.090753119000000382e+00 -5.191337771380000632e+00 4.096861504209317495e+00
-3.446443000000000367e+00 -3.582480700000000073e+00 3.621957480730712664e+00 0.000000000000000000e+00
-5.327629516376414465e+00 -1.000000000000000000e+00 -6.632861943137246641e+00 3.540989453857419367e+00
0.000000000000000000e+00 0.000000000000000000e+00 0.000000000000000000e+00 0.000000000000000000e+00
-1.000000000000000000e+00 -6.131420070278802648e+00 -7.123506635332141457e+00 -1.282431332620951048e-01
-5.899640201200000433e+00 -6.751690743923658644e+00 7.186646474691820163e-01 -2.401285903562812574e-01
-4.788825291280000229e+00 -1.557100000000000151e+00 -5.515131380366799618e+00 -6.410086373941427107e-01
0.000000000000000000e+00 0.000000000000000000e+00 0.000000000000000000e+00 0.000000000000000000e+00
-1.567000000000000171e+00 -7.243381078067795187e+00 -7.396939140761709552e+00 -9.022191083907708797e-02
-7.199417314243843791e+00 -8.277759571660114446e+00 1.033967209704102219e-01 -2.327844094913259498e-01
-8.230510775466065354e+00 -1.639000000000000012e+00 -6.590809094185708261e+00 -9.054281231465297619e-01
0.000000000000000000e+00 0.000000000000000000e+00 0.000000000000000000e+00 0.000000000000000000e+00
-1.000000000000000000e+00 -7.142586912496976304e+00 -7.464681347823603375e+00 1.517171445671112506e+00
-8.225657923026869156e+00 -7.282553032143797012e+00 2.618330042551071379e+00 0.000000000000000000e+00
-6.253170285609920498e+00 -1.000000000000000000e+00 -5.546863411480001282e+00 8.359945673384390208e-01
0.000000000000000000e+00 0.000000000000000000e+00 0.000000000000000000e+00 0.000000000000000000e+00
-1.000000000000000000e+00 -4.263886900000000146e+00 -2.510469999999999757e+00 -6.421258230949511425e-02
-4.917248460870221827e+00 -4.526075449960422326e+00 6.132325705871086718e-01 1.397578147296185125e-01
-6.894189086347724427e+00 -1.737999999999999989e+00 -6.729463826808760984e+00 -7.223409284659487728e-01
0.000000000000000000e+00 0.000000000000000000e+00 0.000000000000000000e+00 0.000000000000000000e+00
-1.737999999999999989e+00 -8.046636724018579656e+00 -7.351898478689502525e+00 -1.072975830298034811e-01
-8.562429872292272037e+00 -8.375180351267594858e+00 6.297183571527468215e-01 -1.000000000000000056e-01
-7.408913561294135697e+00 -1.000000000000000000e+00 -7.302725435299958434e+00 -7.306866112514786016e-01
0.000000000000000000e+00 0.000000000000000000e+00 0.000000000000000000e+00 0.000000000000000000e+00
-7.299999999999999822e-01 -3.417331395597769106e+00 -4.070019700000000462e+00 6.601124890807344991e-01
-7.256487727768996976e+00 -7.716106570977161461e+00 2.536950020845330389e+00 0.000000000000000000e+00
-9.502320052119189953e+00 -7.389999999999999902e-01 -7.300121947059178495e+00 2.000501187750149512e+00
0.000000000000000000e+00 0.000000000000000000e+00 0.000000000000000000e+00 0.000000000000000000e+00
-1.467370000000000063e+00 -9.100000000000000311e-01 -7.299999999999999822e-01 -7.299999999999999822e-01
0.000000000000000000e+00 0.000000000000000000e+00 0.000000000000000000e+00 0.000000000000000000e+00
-8.199999999999999512e-01 -8.199999999999999512e-01 0.000000000000000000e+00 0.000000000000000000e+00
-9.999999999999998473e-03 0.000000000000000000e+00 0.000000000000000000e+00 0.000000000000000000e+00
-7.733935674980034314e+00 -7.888889557410103670e+00 -5.517085500071218007e+00 -7.697535114092286967e+00
-7.950605722225820848e+00 -7.937546854498053861e+00 -8.128807572756723943e+00 -7.483109796604647812e+00
-7.816530145949464270e+00 -7.598202470717147605e+00 -4.933319213209734322e+00 -7.692038660493752289e+00
-6.882842167957900159e+00 -6.791284278933193086e+00 -6.829484746217946878e+00 -1.393271345094261982e+00
-8.013428425645505726e+00 -7.988379565151058515e+00 -7.586783667380810670e+00 -7.943911984356726741e+00
-6.463705113918005729e+00 -6.583381180824889434e+00 -6.415883394689942065e+00 -2.365987051340872949e+00
-8.204435915503237808e+00 -8.103448458185241066e+00 -8.165195498214604442e+00 -5.998860462190930498e+00
-8.013857139294238152e+00 -8.284609692991969254e+00 -7.926939660552648093e+00 -7.300014405237149617e+00
-8.282040423368531634e+00 -8.284846074975936503e+00 -6.555308387620502941e+00 -8.337980777581364578e+00
-1.340009663603280998e+00 -8.003204696132330653e+00 -8.063092869082145953e+00 -8.177517236286700353e+00
-8.431098297941126418e+00 -8.432547415612464903e+00 -8.436368848022443245e+00 -7.207108725574893349e+00
-7.871266478866617788e+00 -7.800472180535973798e+00 -7.683623223104889988e+00 -7.302191373205713987e+00
-8.429463866192552501e+00 -8.391341324556384151e+00 -7.386835660030493855e+00 -8.486438881973977999e+00
-8.520771666733290672e+00 -8.946736329101517171e+00 -9.284181654104330050e+00 -8.977995768424712253e+00
-8.328825108511512809e+00 -8.198028112997665318e+00 -7.163270364629894971e+00 -8.998341735886850046e+00
-8.420425381714743196e+00 -8.262621314369731351e+00 -8.158562681877736367e+00 -7.233925040933604222e+00
-8.412481908130011732e+00 -8.391815438149750506e+00 -7.353877897516062134e+00 -8.266834086292172756e+00
-8.605598331001566237e+00 -8.582982043771419711e+00 -8.602608195462957852e+00 -7.688237750404342208e+00
-8.717963711937997573e+00 -8.644361254197132638e+00 -8.631100653772739051e+00 -8.332010153535742703e+00
-8.378333454094308408e+00 -8.334473595328846685e+00 -8.178383897786584811e+00 -7.257173255057923100e+00
-8.194229047254552256e+00 -8.185539672589472460e+00 -7.640206700849411448e+00 -8.116044213730964074e+00
-8.228095864027599404e+00 -8.269300149720173465e+00 -8.152892226568287271e+00 -7.566695997778998262e+00
-8.663799720132056237e+00 -1.497493996685810735e+00 -8.648276350668586687e+00 -8.725291182655958266e+00
-7.578392332360539108e+00 -7.779246354511592187e+00 -7.569667009418797221e+00 -7.554185666152060996e+00
-8.181771472682862978e+00 -8.408413568746498257e+00 -7.391031986814699195e+00 -8.054985330917723729e+00
-8.276974898803830527e+00 -8.764508409579995885e+00 -8.400989368542910896e+00 -8.228169767841121640e+00
-8.780513145744013315e+00 -8.738626652522469840e+00 -7.687418543479123123e+00 -8.657577478290161110e+00
-8.340640340681133580e+00 -7.940967854413080396e+00 -8.052469865306907337e+00 -7.481750443358590630e+00
-8.400628011982464116e+00 -8.419229703522161046e+00 -7.288620437271900343e+00 -8.372977249762540097e+00
-8.604411029891325668e+00 -8.843403693542764898e+00 -8.107804480784748691e+00 -7.450981753653765693e+00
-8.968836073606238912e+00 -9.026667146761836236e+00 -9.303799360943054708e+00 -8.158108436052385670e+00
-8.269985118922102529e+00 -8.518457323886522659e+00 -8.034589544534400218e+00 -7.430195580565012392e+00
