-2.710000000000000187e-01 -2.710000000000000187e-01 -3.439000000000000390e-01 9.998008513322143020e-01
9.468921458944987712e-01 6.129999999999999893e-01 1.000000000000000056e-01 0.000000000000000000e+00
-5.853271152216953377e-01 1.556075458234229103e+00 -5.217031000000000862e-01 -5.917619346314006989e-01
7.999953546985651975e-01 3.700000000000000511e-01 0.000000000000000000e+00 -2.710000000000000187e-01
8.000004732055294721e-01 8.000000986119388813e-01 4.394813775148934454e+00 -1.691235670565549132e+00
2.707790919069172464e+00 2.016571114505535167e+00 -1.992839798730793088e+00 0.000000000000000000e+00
4.692930106881374464e-01 -1.279147141360559514e+00 3.905014699088196650e+00 9.140570179247630156e-01
8.775098992016552302e-01 1.895063402595056568e+00 0.000000000000000000e+00 4.501022528250825161e+00
-1.000000000000000056e-01 1.699999921479814713e+00 -9.999982838462668777e-01 5.082536424464808356e+00
1.690574430325731292e+00 2.102986695855047827e+00 5.326547165228978642e+00 0.000000000000000000e+00
1.733828155988425657e+00 -5.782225310688346998e-01 -1.016421487114528510e+00 3.527286618056014067e+00
1.699999999999958877e+00 1.961606798951019970e-01 0.000000000000000000e+00 -7.941088679053510679e-01
-1.000000000000000056e-01 3.405359299962150033e+00 -9.470449069559857547e-01 6.889972849758273510e-01
1.023674645444716980e+00 7.099999999999974110e-01 -4.024042821332266540e-01 0.000000000000000000e+00
-1.905938613699365014e+00 -1.527225294499880093e+00 -7.560999999999995502e-01 -3.233646448039926735e+00
6.217891907662320694e-01 -6.489804043907194675e-01 -1.000000000000000056e-01 -9.989138013023286522e-01
-5.994724635190000761e-01 2.348784360934116633e-01 -1.761099368470414595e-01 -2.697150857399214452e+00
1.956615839397942702e+00 5.060396984999814274e-01 -2.077006029109801366e-02 -8.721121797699897815e-01
-4.763184004481600398e-01 -1.068876388287728574e+00 3.220489502561362904e+00 -7.327365286566052127e-01
2.957356190654334971e-01 1.205737459665484623e-02 1.261582470868348738e-01 1.241349268545400841e+00
-1.000000000000000056e-01 7.757773480071891159e-01 -9.999999999999994449e-01 9.225160360897926015e-01
1.677797490400603664e+00 9.490016991608696273e-01 1.189174282084520806e+00 0.000000000000000000e+00
-9.815175256377537405e-01 -1.266278605957876557e+00 -8.104464124846449957e-01 1.142337260465736026e+00
1.699999999999998845e+00 1.352516812322603457e+00 -4.443737679999998358e-01 -1.000006751369115099e+00
-1.551321559900000091e+00 -1.686403046727865007e+00 -9.586698065082938092e-01 -1.414612642011223054e+00
6.823847121446344755e-01 3.389874469346176866e+00 2.085491307789649751e-03 0.000000000000000000e+00
2.796237840667619601e+00 0.000000000000000000e+00 -6.644254460294176656e-01 9.144721765215544362e-01
-4.285650265083796318e-01 2.175052328222510489e+00 -4.685589999999999478e-01 -4.680209416327977268e-01
-1.371321559900000153e+00 -3.740159802078963924e-01 7.094897399856892051e-01 -1.055898141304665971e+00
2.771181196134073765e+00 9.346949251500268341e-01 -1.478551237204552615e+00 0.000000000000000000e+00
1.369043471314625560e+00 0.000000000000000000e+00 -9.878095801356709393e-02 9.985581617646915875e-01
3.037249564601866014e-01 1.183911495356179566e+00 0.000000000000000000e+00 4.624038631640323138e-01
-1.000000000000000056e-01 4.078295362714943195e-01 -8.883118890856059879e-01 7.789882272894175230e-01
9.696875744828644672e-01 3.498965331260434741e+00 1.198126315886022919e+00 -7.299999999999999822e-01
1.537842058250098898e+00 0.000000000000000000e+00 -4.887991718615248837e-01 1.737961018715748152e+00
1.689224736218036149e+00 7.035706745049039590e-01 -7.479999999999998872e-01 -1.064984508132230001e+00
